8002	Nothing		Nothing		Nothing		Nothing		Nothing		Nothing		CE 		REL		212
8003 	8002		1.46423		8001		110.699		8000		-58.400  	NZ		REL		212
8004	8003		1.28971		8002		125.341		8001		127.706		C15		REL		212
8005	8004		1.46799		8003		124.643		8002	    177.983 	C14		REL		212
8006	8005		1.40644		8004		126.230		8003		179.804		C13		REL		212
8007	8006		1.50743		8005		121.612		8004		-0.044		C20		REL		212
8008	8006		1.41507		8005		116.742		8004		179.847 	C12		REL		212
8009	8008		1.39399		8006		131.808		8005		179.549		C11		REL		212
8010	8009		1.40990		8008		131.731		8006		-1.674      C10		REL		212
8011	8010		1.39357		8009		125.567		8008		179.576 	C9 		REL		212
8012	8011		1.50818		8010		123.501 	8009		-0.848	    C19		REL		212
8013	8011		1.43671		8010		117.253		8009		178.938		C8 		REL		212
8014	8013		1.36841		8011		124.979		8010		177.240     C7 		REL		212
8015	8014		1.45551		8013		128.715		8011		179.890     C6 		REL		212
8016	8015		1.36883		8014		123.149		8013		-37.785		C5 		REL		212
8017	8016		1.51127		8015		124.649		8014		-0.458		C18 	REL		212
8018	8016		1.51319		8015		122.183		8014		-179.358	C4 		REL		212
8019	8018		1.52888		8016		114.762		8015		16.426	    C3 		REL		212
8020	8019		1.52543		8018		109.744		8016		-43.765		C2 		REL		212
8021	8020		1.54621		8019		112.941		8018		60.433		C1 		REL		212
8022	8021		1.54677		8020		107.239		8019		-167.007	C17 	REL		212
8023	8021		1.54782		8020		109.947		8019		74.780  	C16		REL		212