8002    Nothing     Nothing	    Nothing	    Nothing	    Nothing	    Nothing	    CE      ALA     296
8003    8002        1.34884     8001        118.240     8000        84.415      N       REL     297       
8004    8003        1.45227     8002        123.308     8001        176.334     CA      REL     297
8005    8004        1.52656     8003        113.492     8002        -73.379     C       REL     297
8006    8004        1.55179     8003        112.196     8002        163.556     CB      REL     297
8007    8006        1.53840     8004        114.860     8003        -67.113     CG      REL     297
8008    8007        1.53875     8006        112.785     8004        179.251     CD      REL     297
8009    8008        1.53732     8007        115.425     8006        -168.205    CE      REL     297
8010 	8009		1.46423		8008		110.699		8007		-58.400  	NZ		REL		297
8011	8010		1.28971		8009		125.341		8008		127.706		C15		REL		297
8012	8011		1.46799		8010		124.643		8009	    177.983 	C14		REL		297
8013	8012		1.40298		8011		123.985		8010		152.957		C13		REL		297
8014	8013		1.53405		8012		117.664		8011		-5.054		C20		REL		297
8015	8013		1.41773		8012		119.877		8011		171.919 	C12		REL		297
8016	8015		1.38236		8013		129.168		8012		164.038		C11		REL		297
8017	8016		1.41409		8015		125.121		8013		-14.236     C10		REL		297
8018	8017		1.37623		8016		127.508		8015		165.808 	C9 		REL		297
8019	8018		1.50882		8017		123.814 	8016		-0.729	    C19		REL		297
8020	8018		1.47369		8017		119.472		8016		179.872		C8 		REL		297
8021	8020		1.34566		8018		129.917		8017		164.765     C7 		REL		297
8022	8021		1.50088		8020		124.699		8018		-176.543    C6 		REL		297
8023	8022		1.37203		8021		123.342		8020		-47.823		C5 		REL		297
8024	8023		1.51181		8022		125.684		8021		-5.504		C18 	REL		297
8025	8023		1.50554		8022		122.137		8021		175.590 	C4 		REL		297
8026	8025		1.53061		8023		112.673		8022		-22.590	    C3 		REL		297
8027	8026		1.52429		8025		108.294		8023		53.307		C2 		REL		297
8028	8027		1.54511		8026		112.407		8025		-60.899		C1 		REL		297
8029	8028		1.54494		8027		107.501		8026		-84.093	    C17 	REL		297
8030	8028		1.54455		8027		106.854		8026		159.025  	C16		REL		297