RESSEQ = 296
RESNAME = REL
8000	4666	1.3501873944012315	4660	2.066313452960831	4662	1.9164352745701672	N
8001	8000	1.450494398472466	4666	2.156796217079775	4660	3.068931032792125	CA
8002	8001	1.5266961059752522	8000	1.9436253428839259	4666	-1.560817144502626	C
8003	8002	1.226827616252586	8001	2.1232590953781534	8000	3.1138743616329196	O
8004	8001	1.5465228740629733	8002	1.9298034976409066	8003	-1.0212016657202103	CB
8005	8004	1.5373529197942797	8001	1.9459207304598825	8002	3.076478923347148	CG
8006	8005	1.5356334197978372	8004	1.9825880824702682	8001	-3.0449829042560124	CD
8007	8006	1.5403941054158827	8005	2.015543055513059	8004	-2.753113243554995	CE
8008	8007	1.461059204823682	8006	1.9508287662796593	8005	-1.0825489315818155	NZ
8009	8008	1.2881746775961684	8007	2.2133462561554382	8006	1.6170495035235934	C15
8010	8009	1.4652266036350856	8008	2.1570871918419576	8007	3.0648872667398823	C14
8011	8010	1.4054437021809159	8009	2.1950007445117437	8008	2.9891469855184654	C13
8012	8011	1.532606276902192	8010	2.0853087998954054	8009	-0.01407067536241374	C20
8013	8011	1.4148233105232615	8010	2.059330839362042	8009	3.0835015442027967	C12
8014	8013	1.3800123187855922	8011	2.2917633259843004	8010	2.9642218843807275	C11
8015	8014	1.412449291125173	8013	2.2276189006126406	8011	-0.19271097021682668	C10
8016	8015	1.3765006356700327	8014	2.187300080116115	8013	2.8709546014568006	C9
8017	8016	1.5117238504435913	8015	2.148083616722787	8014	-0.09465568654902094	C19
8018	8016	1.4716144196086194	8015	2.1093792910312086	8014	3.0557340038729817	C8
8019	8018	1.349898514703977	8016	2.2605461837967664	8015	2.9981622147880467	C7
8020	8019	1.4976050881323795	8018	2.213165819090861	8016	-3.1235344467240442	C6
8021	8020	1.3730222139499435	8019	2.1656598851230067	8018	-0.6930663825363249	C5
8022	8021	1.5123957815333917	8020	2.205248785732293	8019	-0.055244019339165916	C18
8023	8021	1.5054291746874033	8020	2.145077122623075	8019	3.086127515339146	C4
8024	8023	1.5278965933596413	8021	2.0226890508789928	8020	0.2488924158117344	C3
8025	8024	1.5251390100577735	8023	1.920107860448468	8021	-0.691771957788703	C2
8026	8025	1.547073042878065	8024	1.950124458701693	8023	1.0227307516112247	C1
8027	8026	1.5467414134237194	8025	1.8623944585959515	8024	-3.0437190872797384	C17
8028	8026	1.5423469129868272	8025	1.9196488953290654	8024	1.1984172376413258	C16
