8002	Nothing		Nothing		Nothing		Nothing		Nothing		Nothing		CE 		REL		212
8003 	8002		1.44952		8001		107.812		8000		-25.033  	NZ		REL		212
8004	8003		1.28208		8002		126.771		8001		117.491		C15		REL		212
8005	8004		1.46009		8003		113.301		8002	    -158.262	C14		REL		212
8006	8005		1.39105		8004		127.851		8003		-144.139	C13		REL		212
8007	8006		1.51623		8005		115.400		8004		-170.811	C21		REL		212
8008	8006		1.40529		8005		125.354		8004		8.379       C12		REL		212
8009	8008		1.36940		8006		121.250		8005		174.442		C11		REL		212
8010	8009		1.40740		8008		123.530		8006		177.134     C10		REL		212
8011	8010		1.37505		8009		124.205		8008		-178.130 	C9 		REL		212
8012	8011		1.51696		8010		123.194		8009		-1.395	    C20		REL		212
8013	8011		1.47357		8010		121.038		8009		176.980		C8 		REL		212
8014	8013		1.35011		8011		127.730		8010		-178.612    C7 		REL		212
8015	8014		1.50456		8013		129.120		8011		179.699		C6 		REL		212
8016	8015		1.37149		8014		118.744		8013		-174.640	C5 		REL		212
8017	8016		1.51439		8015		126.384		8014		-6.513		C19 	REL		212
8018	8016		1.50908		8015		122.809		8014		174.650		C4 		REL		212
8019	8018		1.52524		8016		114.129		8015		-18.307	    C3 		REL		212 
8020	8019		1.51680		8018		107.845		8016		49.619		C2 		REL		212
8021	8020		1.54917		8019		112.324		8018		-62.233		C1 		REL		212
8022	8021		1.54793		8020		106.851		8019		-79.635 	C18 	REL		212
8023	8021		1.54827		8020		103.328		8019		163.185  	C17		REL		212