8000	4724	1.3488417253332547	4718	118.24042889598735	4720	84.41464740085972	N	REL	297
8001	8000	1.4522702916468413	4724	123.30796749430448	4718	176.33364696430573	CA	REL	297
8002	8001	1.5265641159152117	8000	113.49216040516123	4724	-73.37929970307692	C	REL	297
8003	8002	1.231016246846486	8001	121.06338664324694	8000	158.75668812904684	O	REL	297
8004	8001	1.5517902564457626	8002	108.22185968548601	8003	-76.02112415086172	CB	REL	297
8005	8004	1.538398192926657	8001	114.85987374109045	8002	166.90205682439927	CG	REL	297
8006	8005	1.5387540414244227	8004	112.78531706001817	8001	179.25144386005698	CD	REL	297
8007	8006	1.537319745531159	8005	115.42535418589901	8004	-168.205111903986	CE	REL	297
8008	8007	1.4642260754405378	8006	110.6986912811001	8005	-58.39959122520969	NZ	REL	297
8009	8008	1.289713534084218	8007	125.34138935816948	8006	127.70603575779202	C15	REL	297
8010	8009	1.467992166191635	8008	124.64337471872805	8007	177.98281415515186	C14	REL	297
8011	8010	1.402976122391253	8009	123.98459253858654	8008	152.95681693248275	C13	REL	297
8012	8011	1.5340528022203146	8010	117.6641839007919	8009	-5.053705059842738	C20	REL	297
8013	8011	1.4177337549765825	8010	119.87746211914242	8009	171.9190492257709	C12	REL	297
8014	8013	1.3823552365437741	8011	129.16792499430508	8010	164.0376475160849	C11	REL	297
8015	8014	1.414094056277729	8013	125.1212131329484	8011	-14.236279484738136	C10	REL	297
8016	8015	1.376227088819288	8014	127.50829551028454	8013	165.80834442898498	C9	REL	297
8017	8016	1.5088167549440823	8015	123.81429080019656	8014	-0.7294622913147689	C19	REL	297
8018	8016	1.4736882302576761	8015	119.47173802967399	8014	179.87192895914745	C8	REL	297
8019	8018	1.3456648914198523	8016	129.91654726083763	8015	164.76535978506095	C7	REL	297
8020	8019	1.5008764106347985	8018	124.69932421264052	8016	-176.54324622110104	C6	REL	297
8021	8020	1.3720324340189645	8019	123.34212637252081	8018	-47.82336455432507	C5	REL	297
8022	8021	1.5118124883728141	8020	125.6839563351577	8019	-5.504191150653896	C18	REL	297
8023	8021	1.5055367813507552	8020	122.13677881482766	8019	175.5904023857552	C4	REL	297
8024	8023	1.530611969115623	8021	112.673077221491	8020	-22.58956712713054	C3	REL	297
8025	8024	1.5242899986551075	8023	108.29413614621755	8021	53.30740505260142	C2	REL	297
8026	8025	1.5451119700526559	8024	112.40688191540396	8023	-60.89888627941913	C1	REL	297
8027	8026	1.5449433646577435	8025	107.50065516907087	8024	-84.09262533203214	C17	REL	297
8028	8026	1.5445452405157942	8025	106.85440260945009	8024	159.0249937958045	C16	REL	297
