8003 	3345		1.49297		3368		112.530		3371		-58.380  	NZ		REL		212
8004	8003		1.45604		3345		124.500		3368		-70.820		C15		REL		212
8005	8004		1.43890		8003		126.225		3345	    -146.388	C14		REL		212
8006	8005		1.34928		8004		127.942		8003		175.465		C13		REL		212
8007	8006		1.50302		8005		125.349		8004		-2.713		C20		REL		212
8008	8006		1.46521		8005		112.089		8004		-177.448	C12		REL		212
8009	8008		1.33761		8006		124.443		8005		173.521		C11		REL		212
8010	8009		1.46905		8008		115.667		8006		-175.602	C10		REL		212
8011	8010		1.36068		8009		125.277		8008		173.858 	C9 		REL		212
8012	8011		1.52504		8010		123.643		8009		1.930	    C19		REL		212
8013	8011		1.48818		8010		115.967		8009		178.026		C8 		REL		212
8014	8013		1.34359		8011		123.168		8010		-167.008    C7 		REL		212
8015	8014		1.50156		8013		128.322		8011		177.471		C6 		REL		212
8016	8015		1.34798		8014		122.315		8013		172.301		C5 		REL		212
8017	8016		1.50210		8015		122.970		8014		2.153		C18 	REL		212
8018	8016		1.52997		8015		124.789		8014		179.452		C4 		REL		212
8019	8018		1.52514		8016		113.482		8015		9.101	    C3 		REL		212 
8020	8019		1.52482		8018		112.209		8016		-39.246		C2 		REL		212
8021	8020		1.50997		8019		99.852		8018		63.344		C1 		REL		212
8022	8021		1.54925		8020		85.256		8019		-164.440	C17 	REL		212
8023	8021		1.50011		8020		126.297		8019		105.123  	C16		REL		212