4002	Nothing		Nothing		Nothing		Nothing		Nothing		Nothing		CE 		REL		212
4003 	4002		1.49297		4001		112.530		4000		-58.380  	NZ		REL		212
4004	4003		1.45604		4002		124.500		4001		-70.820		C15		REL		212
4005	4004		1.43890		4003		126.225		4002	    -146.388	C14		REL		212
4006	4005		1.34928		4004		127.942		4003		175.465		C13		REL		212
4007	4006		1.50302		4005		125.349		4004		-2.713		C20		REL		212
4008	4006		1.46521		4005		112.089		4004		-177.448	C12		REL		212
4009	4008		1.33761		4006		124.443		4005		173.521		C11		REL		212
4010	4009		1.46905		4008		115.667		4006		-175.602	C10		REL		212
4011	4010		1.36068		4009		125.277		4008		173.858 	C9 		REL		212
4012	4011		1.52504		4010		123.643		4009		1.930	    C19		REL		212
4013	4011		1.48818		4010		115.967		4009		178.026		C8 		REL		212
4014	4013		1.34359		4011		123.168		4010		-167.008    C7 		REL		212
4015	4014		1.50156		4013		128.322		4011		177.471		C6 		REL		212
4016	4015		1.34798		4014		122.315		4013		172.301		C5 		REL		212
4017	4016		1.50210		4015		122.970		4014		2.153		C18 	REL		212
4018	4016		1.52997		4015		124.789		4014		179.452		C4 		REL		212
4019	4018		1.52514		4016		113.482		4015		9.101	    C3 		REL		212 
4020	4019		1.52482		4018		112.209		4016		-39.246		C2 		REL		212
4021	4020		1.50997		4019		99.852		4018		63.344		C1 		REL		212
4022	4021		1.54925		4020		85.256		4019		-164.440	C17 	REL		212
4023	4021		1.50011		4020		126.297		4019		105.123  	C16		REL		212